  0.0000000e+000  2.7717897e+000
  5.0050050e-003 -1.5530418e-001
  1.0010010e-002  4.3949854e-001
  1.5015015e-002 -1.9518024e+000
  2.0020020e-002 -5.2599859e-001
  2.5025025e-002 -1.8633697e+000
  3.0030030e-002 -7.7922462e-002
  3.5035035e-002 -1.2811089e+000
  4.0040040e-002 -6.3259179e-001
  4.5045045e-002 -8.5731978e-001
  5.0050050e-002 -1.0474829e-001
  5.5055055e-002  1.0022974e+000
  6.0060060e-002  1.6104352e+000
  6.5065065e-002  4.9410501e-001
  7.0070070e-002 -4.9072450e-001
  7.5075075e-002  2.5437933e-001
  8.0080080e-002 -6.9142881e-001
  8.5085085e-002 -8.5830477e-001
  9.0090090e-002 -1.3174793e+000
  9.5095095e-002 -1.8110357e+000
  1.0010010e-001  3.4807072e-002
  1.0510511e-001  7.7725392e-001
  1.1011011e-001  3.1625705e-001
  1.1511512e-001  1.0699094e-001
  1.2012012e-001  1.4016190e-001
  1.2512513e-001 -4.3332148e-001
  1.3013013e-001  2.0162092e+000
  1.3513514e-001 -8.4839922e-002
  1.4014014e-001 -1.2742552e+000
  1.4514515e-001 -1.5766616e-001
  1.5015015e-001 -4.1942373e-001
  1.5515516e-001  3.3660357e-002
  1.6016016e-001 -2.3001049e-001
  1.6516517e-001 -6.7912193e-001
  1.7017017e-001 -1.5675866e+000
  1.7517518e-001 -2.7434506e-001
  1.8018018e-001 -1.3677528e+000
  1.8518519e-001  8.9408947e-002
  1.9019019e-001  1.0979046e+000
  1.9519520e-001  2.5647972e+000
  2.0020020e-001  7.1996823e-001
  2.0520521e-001  6.1573029e-001
  2.1021021e-001  1.2627953e+000
  2.1521522e-001  6.4399899e-001
  2.2022022e-001  1.5153080e+000
  2.2522523e-001  3.9172549e-002
  2.3023023e-001  3.6096366e-001
  2.3523524e-001 -4.2239171e-001
  2.4024024e-001 -5.1902723e-001
  2.4524525e-001 -3.4992460e-001
  2.5025025e-001  1.0626499e+000
  2.5525526e-001  3.2479608e-001
  2.6026026e-001 -1.5734268e+000
  2.6526527e-001  2.0926281e+000
  2.7027027e-001  9.2434537e-001
  2.7527528e-001 -1.2694941e+000
  2.8028028e-001 -9.4828672e-002
  2.8528529e-001  4.9297359e-001
  2.9029029e-001 -4.7532425e-001
  2.9529530e-001  1.8894012e-001
  3.0030030e-001  6.3906967e-001
  3.0530531e-001  1.3387667e+000
  3.1031031e-001 -1.0945122e+000
  3.1531532e-001 -7.1525481e-001
  3.2032032e-001 -3.2305171e-001
  3.2532533e-001  4.9611195e-001
  3.3033033e-001  1.6751695e+000
  3.3533534e-001  2.2716084e+000
  3.4034034e-001  1.0816761e+000
  3.4534535e-001  1.1573249e+000
  3.5035035e-001  2.0754197e-001
  3.5535536e-001  2.5549687e-001
  3.6036036e-001 -4.3977114e-001
  3.6536537e-001  8.5861439e-001
  3.7037037e-001  1.6079442e+000
  3.7537538e-001  1.6713266e+000
  3.8038038e-001  1.0218427e-001
  3.8538539e-001  6.0251260e-001
  3.9039039e-001  1.0211184e+000
  3.9539540e-001 -1.5315321e-001
  4.0040040e-001  6.3003203e-001
  4.0540541e-001  7.6071661e-001
  4.1041041e-001  9.3169455e-001
  4.1541542e-001 -2.0055516e-001
  4.2042042e-001  1.7662238e+000
  4.2542543e-001  1.4003478e+000
  4.3043043e-001 -1.9475034e+000
  4.3543544e-001 -6.5688350e-001
  4.4044044e-001  1.1473085e-001
  4.4544545e-001 -1.5667823e+000
  4.5045045e-001  2.0181109e+000
  4.5545546e-001  6.8879261e-001
  4.6046046e-001  1.1068802e+000
  4.6546547e-001 -6.6394651e-001
  4.7047047e-001  6.6750879e-001
  4.7547548e-001  2.1723451e+000
  4.8048048e-001  1.2065141e+000
  4.8548549e-001  1.2780113e+000
  4.9049049e-001  1.0938470e+000
  4.9549550e-001  4.3709009e-001
  5.0050050e-001 -6.0816568e-001
  5.0550551e-001  2.6497349e+000
  5.1051051e-001 -8.4231094e-001
  5.1551552e-001  9.7253686e-001
  5.2052052e-001  9.1169535e-001
  5.2552553e-001  2.5985389e+000
  5.3053053e-001  2.0721216e-001
  5.3553554e-001  2.0036679e+000
  5.4054054e-001  3.8141828e-002
  5.4554555e-001  7.5513888e-001
  5.5055055e-001  1.3053506e+000
  5.5555556e-001 -3.9263351e-001
  5.6056056e-001  1.1737173e+000
  5.6556557e-001  2.3260684e+000
  5.7057057e-001  6.5933286e-001
  5.7557558e-001  3.1711451e+000
  5.8058058e-001 -9.4889214e-002
  5.8558559e-001  3.3723898e+000
  5.9059059e-001  5.7376376e-001
  5.9559560e-001  8.6724649e-001
  6.0060060e-001 -3.1350170e-001
  6.0560561e-001 -1.3457653e+000
  6.1061061e-001  2.9319246e-001
  6.1561562e-001  1.2039490e+000
  6.2062062e-001  1.4496170e+000
  6.2562563e-001 -1.0492249e+000
  6.3063063e-001 -1.2916628e+000
  6.3563564e-001  1.9897350e-001
  6.4064064e-001  6.8561478e-001
  6.4564565e-001  3.0622548e+000
  6.5065065e-001  3.4075888e-001
  6.5565566e-001  8.4323869e-001
  6.6066066e-001  1.6083596e+000
  6.6566567e-001  1.3996290e-001
  6.7067067e-001 -4.4493464e-001
  6.7567568e-001 -9.1664417e-001
  6.8068068e-001  1.8555248e+000
  6.8568569e-001  1.1708296e+000
  6.9069069e-001  2.3361711e+000
  6.9569570e-001  2.4146249e-001
  7.0070070e-001  1.7094689e+000
  7.0570571e-001  2.7551091e+000
  7.1071071e-001  1.3127308e+000
  7.1571572e-001  7.3357531e-001
  7.2072072e-001 -8.8970505e-001
  7.2572573e-001  1.9644777e+000
  7.3073073e-001  1.4143176e+000
  7.3573574e-001 -4.4980106e-002
  7.4074074e-001  1.2717199e+000
  7.4574575e-001  2.8802435e+000
  7.5075075e-001  1.1051114e+000
  7.5575576e-001  9.8745553e-001
  7.6076076e-001  2.0487412e+000
  7.6576577e-001  7.5227742e-001
  7.7077077e-001 -5.6257413e-001
  7.7577578e-001  2.1943284e-001
  7.8078078e-001  1.5363774e+000
  7.8578579e-001 -1.2606806e-001
  7.9079079e-001  2.1624744e+000
  7.9579580e-001  1.0413759e+000
  8.0080080e-001  9.1964534e-001
  8.0580581e-001  1.1904958e+000
  8.1081081e-001  7.4065843e-001
  8.1581582e-001  2.3750632e-001
  8.2082082e-001  1.2901287e+000
  8.2582583e-001  2.1255133e+000
  8.3083083e-001  2.4656289e+000
  8.3583584e-001  1.3302722e-001
  8.4084084e-001  1.6480938e+000
  8.4584585e-001 -1.8160534e-001
  8.5085085e-001  2.1453469e+000
  8.5585586e-001  8.7078621e-001
  8.6086086e-001  1.0795659e+000
  8.6586587e-001  2.5790543e+000
  8.7087087e-001 -1.2079341e+000
  8.7587588e-001  9.8879272e-001
  8.8088088e-001 -2.0561052e-001
  8.8588589e-001 -6.7242470e-001
  8.9089089e-001  1.5282965e+000
  8.9589590e-001  4.9131971e-001
  9.0090090e-001  4.9757559e-001
  9.0590591e-001  9.8998233e-001
  9.1091091e-001  4.7556182e-001
  9.1591592e-001  3.5329333e-001
  9.2092092e-001  1.7989832e+000
  9.2592593e-001  1.1127604e-001
  9.3093093e-001  6.7256804e-001
  9.3593594e-001  1.4292352e+000
  9.4094094e-001  1.3824714e-001
  9.4594595e-001  9.3761730e-001
  9.5095095e-001  1.5785219e+000
  9.5595596e-001  1.1103376e+000
  9.6096096e-001  3.5416956e+000
  9.6596597e-001 -3.4028030e-001
  9.7097097e-001  1.9944971e+000
  9.7597598e-001  1.7537715e+000
  9.8098098e-001  1.4709657e-001
  9.8598599e-001  3.9932267e-001
  9.9099099e-001  1.0566548e+000
  9.9599600e-001  9.8365431e-001
  1.0010010e+000  9.2401446e-001
  1.0060060e+000 -5.5258114e-001
  1.0110110e+000  2.7136176e+000
  1.0160160e+000  5.4703154e-001
  1.0210210e+000  1.1156399e+000
  1.0260260e+000  1.3130974e+000
  1.0310310e+000  1.9503846e+000
  1.0360360e+000  1.5461721e+000
  1.0410410e+000  1.2864807e+000
  1.0460460e+000 -3.5447287e-001
  1.0510511e+000  2.0206216e+000
  1.0560561e+000  2.6497538e+000
  1.0610611e+000 -3.7685616e-001
  1.0660661e+000 -4.6816429e-001
  1.0710711e+000  9.9636153e-001
  1.0760761e+000  1.1575355e+000
  1.0810811e+000  2.3784119e-001
  1.0860861e+000  5.2144592e-001
  1.0910911e+000  1.0628846e+000
  1.0960961e+000 -1.4760596e-001
  1.1011011e+000  1.8341405e+000
  1.1061061e+000  1.1656860e+000
  1.1111111e+000  1.2602550e+000
  1.1161161e+000  2.7119732e+000
  1.1211211e+000  3.4387080e-001
  1.1261261e+000  2.6764035e+000
  1.1311311e+000  2.1861327e+000
  1.1361361e+000  9.6948196e-001
  1.1411411e+000  1.4556249e+000
  1.1461461e+000  2.5657170e+000
  1.1511512e+000  1.4784990e+000
  1.1561562e+000  1.6318092e+000
  1.1611612e+000  1.5599150e+000
  1.1661662e+000  1.0933961e+000
  1.1711712e+000  2.4859549e+000
  1.1761762e+000  2.1544556e+000
  1.1811812e+000  2.9032953e+000
  1.1861862e+000  7.7388439e-001
  1.1911912e+000  1.7563242e+000
  1.1961962e+000  1.9360471e+000
  1.2012012e+000  1.4213395e+000
  1.2062062e+000  2.5190132e+000
  1.2112112e+000  1.8403628e+000
  1.2162162e+000  1.0822892e-001
  1.2212212e+000  7.7421985e-001
  1.2262262e+000  5.0023350e-001
  1.2312312e+000  1.5852767e+000
  1.2362362e+000  7.2946426e-001
  1.2412412e+000 -8.6250584e-001
  1.2462462e+000  5.8156186e-001
  1.2512513e+000  2.7013610e+000
  1.2562563e+000  9.2645076e-001
  1.2612613e+000  3.9631337e+000
  1.2662663e+000 -3.6867262e-001
  1.2712713e+000  7.3494612e-001
  1.2762763e+000  1.8234989e+000
  1.2812813e+000  2.7738844e+000
  1.2862863e+000  8.3104303e-001
  1.2912913e+000  7.9487563e-001
  1.2962963e+000  2.5315566e+000
  1.3013013e+000  1.3422276e+000
  1.3063063e+000  2.0547736e+000
  1.3113113e+000  2.5420749e+000
  1.3163163e+000  1.6212191e+000
  1.3213213e+000  2.3990924e+000
  1.3263263e+000  2.0914773e+000
  1.3313313e+000  1.1751202e-002
  1.3363363e+000  8.2714496e-001
  1.3413413e+000  1.8964572e+000
  1.3463463e+000 -6.1127902e-001
  1.3513514e+000  5.9089815e-001
  1.3563564e+000 -1.0875300e+000
  1.3613614e+000  7.0199568e-001
  1.3663664e+000  1.2515871e+000
  1.3713714e+000  1.6714508e+000
  1.3763764e+000  7.9238080e-001
  1.3813814e+000 -1.6923632e+000
  1.3863864e+000  2.9374280e+000
  1.3913914e+000  9.8402264e-001
  1.3963964e+000  2.8244917e+000
  1.4014014e+000  4.8159196e-002
  1.4064064e+000  2.3103764e+000
  1.4114114e+000  1.9530822e+000
  1.4164164e+000  9.5139619e-001
  1.4214214e+000  3.8518369e+000
  1.4264264e+000  3.4469057e+000
  1.4314314e+000  2.2287186e+000
  1.4364364e+000  1.4674328e+000
  1.4414414e+000  1.9821798e+000
  1.4464464e+000  2.1303679e+000
  1.4514515e+000  8.6139975e-001
  1.4564565e+000  1.1953722e+000
  1.4614615e+000  2.9785299e+000
  1.4664665e+000  2.4737251e+000
  1.4714715e+000  1.7748925e+000
  1.4764765e+000  6.5939596e-001
  1.4814815e+000  9.9028939e-001
  1.4864865e+000  2.3539531e+000
  1.4914915e+000  1.8522812e+000
  1.4964965e+000  1.4161257e+000
  1.5015015e+000  2.2508024e+000
  1.5065065e+000 -2.8546168e-001
  1.5115115e+000  2.7247370e+000
  1.5165165e+000  1.4559925e+000
  1.5215215e+000  1.1290012e+000
  1.5265265e+000  2.1360735e+000
  1.5315315e+000  2.1751112e+000
  1.5365365e+000  2.5560577e+000
  1.5415415e+000  2.4759782e+000
  1.5465465e+000  2.7751289e+000
  1.5515516e+000  1.3020652e+000
  1.5565566e+000  8.4897396e-001
  1.5615616e+000  9.6773711e-001
  1.5665666e+000  1.3042561e+000
  1.5715716e+000  2.8144189e+000
  1.5765766e+000  2.7674392e-002
  1.5815816e+000  1.1948213e+000
  1.5865866e+000  1.8616848e+000
  1.5915916e+000  2.4177458e+000
  1.5965966e+000  6.1731792e-001
  1.6016016e+000  1.4973048e+000
  1.6066066e+000  1.7344556e+000
  1.6116116e+000  1.6741553e+000
  1.6166166e+000  1.9882407e+000
  1.6216216e+000  1.5176591e+000
  1.6266266e+000  9.2985127e-001
  1.6316316e+000  1.2448089e+000
  1.6366366e+000  1.6527704e+000
  1.6416416e+000  3.0108534e+000
  1.6466466e+000  2.0635240e+000
  1.6516517e+000  1.7203925e+000
  1.6566567e+000  1.9508440e+000
  1.6616617e+000  2.1342944e+000
  1.6666667e+000  3.4494013e+000
  1.6716717e+000  1.9322487e+000
  1.6766767e+000  3.1874044e+000
  1.6816817e+000  1.9986501e+000
  1.6866867e+000  2.4901594e+000
  1.6916917e+000  2.2725653e+000
  1.6966967e+000  3.4752812e+000
  1.7017017e+000  7.6362681e-001
  1.7067067e+000  7.9003432e-001
  1.7117117e+000  2.0877176e+000
  1.7167167e+000  2.6264965e+000
  1.7217217e+000  1.8759716e+000
  1.7267267e+000  1.5244627e+000
  1.7317317e+000  3.2204393e+000
  1.7367367e+000  1.1150980e+000
  1.7417417e+000  2.5512788e+000
  1.7467467e+000  3.6755400e+000
  1.7517518e+000  2.1478088e+000
  1.7567568e+000  8.9535764e-001
  1.7617618e+000  4.1936975e+000
  1.7667668e+000  9.2624913e-001
  1.7717718e+000  2.0522226e+000
  1.7767768e+000  2.5971928e+000
  1.7817818e+000  3.0096097e+000
  1.7867868e+000  1.7232218e+000
  1.7917918e+000  2.4370566e+000
  1.7967968e+000  2.5479297e-002
  1.8018018e+000  1.8614134e+000
  1.8068068e+000  1.0466295e+000
  1.8118118e+000  1.2091039e-001
  1.8168168e+000  2.9204889e+000
  1.8218218e+000  3.2843216e+000
  1.8268268e+000  2.0630398e+000
  1.8318318e+000  7.3414129e-001
  1.8368368e+000  4.2520693e+000
  1.8418418e+000  1.4397295e+000
  1.8468468e+000  2.7609778e+000
  1.8518519e+000  1.7158927e+000
  1.8568569e+000  3.1710498e+000
  1.8618619e+000  2.1842230e+000
  1.8668669e+000  1.3903708e+000
  1.8718719e+000  1.9480334e+000
  1.8768769e+000  1.7717300e+000
  1.8818819e+000  3.2988953e+000
  1.8868869e+000  2.5947974e+000
  1.8918919e+000  2.2598096e+000
  1.8968969e+000  1.2940524e+000
  1.9019019e+000  1.0497921e+000
  1.9069069e+000  2.5620292e+000
  1.9119119e+000  3.3820959e+000
  1.9169169e+000  1.1065134e+000
  1.9219219e+000  6.4576461e-001
  1.9269269e+000  3.6491950e+000
  1.9319319e+000  2.0338095e+000
  1.9369369e+000  1.1349398e+000
  1.9419419e+000  6.9110445e-001
  1.9469469e+000  3.1846642e+000
  1.9519520e+000  3.4801166e+000
  1.9569570e+000  3.7338797e+000
  1.9619620e+000  2.5931295e+000
  1.9669670e+000  2.0502255e+000
  1.9719720e+000  4.1120154e+000
  1.9769770e+000  3.2404463e+000
  1.9819820e+000  2.3133683e-001
  1.9869870e+000  1.9725546e+000
  1.9919920e+000  4.4600939e+000
  1.9969970e+000  1.3278386e+000
  2.0020020e+000  2.2619286e+000
  2.0070070e+000  1.6346792e+000
  2.0120120e+000  3.3305655e+000
  2.0170170e+000  1.3639359e+000
  2.0220220e+000  2.0842015e+000
  2.0270270e+000  1.2911536e+000
  2.0320320e+000  1.8527081e+000
  2.0370370e+000  3.1217119e+000
  2.0420420e+000  2.1789566e+000
  2.0470470e+000  2.0314388e+000
  2.0520521e+000  1.1135610e+000
  2.0570571e+000  5.7897169e-001
  2.0620621e+000  2.4239930e+000
  2.0670671e+000  2.5448585e+000
  2.0720721e+000  2.3938136e+000
  2.0770771e+000  1.9950258e-001
  2.0820821e+000  2.7626079e+000
  2.0870871e+000  2.3204851e+000
  2.0920921e+000  3.3315837e+000
  2.0970971e+000  2.2227581e+000
  2.1021021e+000  2.2818227e+000
  2.1071071e+000  1.5020462e+000
  2.1121121e+000  1.0752616e+000
  2.1171171e+000  1.8218389e+000
  2.1221221e+000  3.5782366e+000
  2.1271271e+000  3.9296522e+000
  2.1321321e+000  7.9851855e-001
  2.1371371e+000  2.5243943e+000
  2.1421421e+000  2.1193336e+000
  2.1471471e+000  2.2577433e+000
  2.1521522e+000  2.9649628e+000
  2.1571572e+000  1.1480585e+000
  2.1621622e+000  1.1575901e+000
  2.1671672e+000  2.4501254e+000
  2.1721722e+000  2.4619224e+000
  2.1771772e+000  1.9298806e+000
  2.1821822e+000  1.9633179e+000
  2.1871872e+000  3.0858743e+000
  2.1921922e+000  1.5499789e+000
  2.1971972e+000  2.0167524e+000
  2.2022022e+000  2.9201151e+000
  2.2072072e+000  2.5085934e+000
  2.2122122e+000  3.7611072e+000
  2.2172172e+000  2.1729748e+000
  2.2222222e+000  2.1925715e+000
  2.2272272e+000  1.8451175e+000
  2.2322322e+000  1.6783030e+000
  2.2372372e+000  3.1695955e+000
  2.2422422e+000  9.2640239e-001
  2.2472472e+000  1.9457278e+000
  2.2522523e+000 -3.4733618e-001
  2.2572573e+000  3.0373350e+000
  2.2622623e+000  2.8652032e+000
  2.2672673e+000  3.2100662e+000
  2.2722723e+000  1.2483591e+000
  2.2772773e+000  2.2094475e+000
  2.2822823e+000  2.3640426e+000
  2.2872873e+000  5.2026047e-001
  2.2922923e+000  5.1102831e-001
  2.2972973e+000  1.6369435e+000
  2.3023023e+000  3.6537190e+000
  2.3073073e+000  4.4436769e+000
  2.3123123e+000  2.4790957e+000
  2.3173173e+000  6.1208987e-001
  2.3223223e+000  2.5988505e+000
  2.3273273e+000  2.7218396e+000
  2.3323323e+000  2.2337773e+000
  2.3373373e+000  2.5137872e+000
  2.3423423e+000  5.0448792e-001
  2.3473473e+000  8.4505622e-001
  2.3523524e+000  3.1715495e+000
  2.3573574e+000  2.1227896e+000
  2.3623624e+000  7.3076447e-001
  2.3673674e+000  2.0494286e+000
  2.3723724e+000  1.5760837e+000
  2.3773774e+000  3.0681776e+000
  2.3823824e+000  2.3403723e+000
  2.3873874e+000  2.7114286e+000
  2.3923924e+000  2.8988488e+000
  2.3973974e+000  1.3688078e+000
  2.4024024e+000  2.5018288e+000
  2.4074074e+000  2.2910568e+000
  2.4124124e+000  3.1016513e+000
  2.4174174e+000  4.3007082e+000
  2.4224224e+000  2.7478570e+000
  2.4274274e+000  2.3322147e+000
  2.4324324e+000  2.4636041e+000
  2.4374374e+000  1.8236379e+000
  2.4424424e+000  7.1118395e-001
  2.4474474e+000  2.9262225e+000
  2.4524525e+000  2.0046171e+000
  2.4574575e+000  2.8442721e+000
  2.4624625e+000  2.5154212e+000
  2.4674675e+000  1.9813823e+000
  2.4724725e+000  2.7169455e+000
  2.4774775e+000  3.1957865e+000
  2.4824825e+000  2.6359677e+000
  2.4874875e+000  2.6212704e+000
  2.4924925e+000  1.4862986e+000
  2.4974975e+000  3.8039670e+000
  2.5025025e+000  3.7016396e+000
  2.5075075e+000 -6.9828067e-002
  2.5125125e+000  4.2624230e-001
  2.5175175e+000  2.9036494e+000
  2.5225225e+000  1.6614913e+000
  2.5275275e+000  1.2967199e+000
  2.5325325e+000  5.1740869e+000
  2.5375375e+000  1.6331340e+000
  2.5425425e+000  1.3192042e+000
  2.5475475e+000  2.8507524e+000
  2.5525526e+000  1.8224552e+000
  2.5575576e+000  1.4139873e+000
  2.5625626e+000  1.1493697e+000
  2.5675676e+000  1.9757497e+000
  2.5725726e+000  3.0914602e+000
  2.5775776e+000  1.0847664e+000
  2.5825826e+000  2.4958984e+000
  2.5875876e+000  2.5749673e+000
  2.5925926e+000  2.2467347e+000
  2.5975976e+000  3.5839086e+000
  2.6026026e+000  3.2458588e+000
  2.6076076e+000  5.5275518e+000
  2.6126126e+000  1.3640277e+000
  2.6176176e+000  2.7747324e+000
  2.6226226e+000  3.4113561e+000
  2.6276276e+000  2.0505447e+000
  2.6326326e+000  3.1602670e+000
  2.6376376e+000  4.3093317e+000
  2.6426426e+000  3.4427221e+000
  2.6476476e+000  3.5314346e+000
  2.6526527e+000  2.4284676e+000
  2.6576577e+000  2.9546488e+000
  2.6626627e+000  2.1416551e+000
  2.6676677e+000  2.5123083e+000
  2.6726727e+000  2.5741743e+000
  2.6776777e+000  3.6748479e+000
  2.6826827e+000  3.1171524e+000
  2.6876877e+000  2.6619668e+000
  2.6926927e+000  2.3127586e+000
  2.6976977e+000  2.4553022e+000
  2.7027027e+000  1.5375886e+000
  2.7077077e+000  3.4643128e+000
  2.7127127e+000  3.8768750e+000
  2.7177177e+000  1.6942631e+000
  2.7227227e+000  4.4243122e+000
  2.7277277e+000  2.2335553e+000
  2.7327327e+000  2.9054463e+000
  2.7377377e+000  3.0917991e+000
  2.7427427e+000  2.4964847e+000
  2.7477477e+000  2.6020069e+000
  2.7527528e+000  1.5837450e+000
  2.7577578e+000  2.7357467e+000
  2.7627628e+000  3.3810405e+000
  2.7677678e+000  4.6336327e+000
  2.7727728e+000  2.8546476e+000
  2.7777778e+000  4.3857723e+000
  2.7827828e+000  2.4021165e+000
  2.7877878e+000  1.4881997e+000
  2.7927928e+000  2.0688345e+000
  2.7977978e+000  2.2328143e+000
  2.8028028e+000  3.4244669e+000
  2.8078078e+000  1.4723366e+000
  2.8128128e+000  2.6897048e+000
  2.8178178e+000  1.7150029e+000
  2.8228228e+000  6.9646871e-002
  2.8278278e+000  3.0798447e+000
  2.8328328e+000  1.9746847e+000
  2.8378378e+000  3.9732013e+000
  2.8428428e+000  2.5449352e+000
  2.8478478e+000  4.0021786e+000
  2.8528529e+000  3.8989285e+000
  2.8578579e+000  4.9847320e+000
  2.8628629e+000  2.2070893e+000
  2.8678679e+000  1.7254998e+000
  2.8728729e+000  3.8219117e+000
  2.8778779e+000  2.4732696e+000
  2.8828829e+000  2.4985537e+000
  2.8878879e+000  3.3699082e+000
  2.8928929e+000  3.3366672e+000
  2.8978979e+000  3.2789981e+000
  2.9029029e+000  4.0052513e+000
  2.9079079e+000  3.7643548e+000
  2.9129129e+000  1.7344041e+000
  2.9179179e+000  3.3198875e+000
  2.9229229e+000  2.3386953e+000
  2.9279279e+000  1.9484418e+000
  2.9329329e+000  3.0480391e+000
  2.9379379e+000  3.0064089e+000
  2.9429429e+000  2.4130425e+000
  2.9479479e+000  3.4890597e+000
  2.9529530e+000  3.6346729e+000
  2.9579580e+000  3.4965225e+000
  2.9629630e+000  2.4529275e+000
  2.9679680e+000  1.6458572e+000
  2.9729730e+000  2.3623140e+000
  2.9779780e+000  2.4126689e+000
  2.9829830e+000  3.0691580e+000
  2.9879880e+000  3.6794894e+000
  2.9929930e+000  5.1267438e+000
  2.9979980e+000  2.9951341e+000
  3.0030030e+000  2.9134799e+000
  3.0080080e+000  2.7530261e+000
  3.0130130e+000  2.1388009e+000
  3.0180180e+000  3.4409460e+000
  3.0230230e+000  2.8896237e+000
  3.0280280e+000  3.5676065e+000
  3.0330330e+000  3.9082040e+000
  3.0380380e+000  1.7872623e+000
  3.0430430e+000  3.9113536e+000
  3.0480480e+000  2.2432419e+000
  3.0530531e+000  2.3003598e+000
  3.0580581e+000  2.3122457e+000
  3.0630631e+000  2.7534093e+000
  3.0680681e+000  1.5461770e+000
  3.0730731e+000  3.8996041e+000
  3.0780781e+000  2.4650908e+000
  3.0830831e+000  4.0428114e+000
  3.0880881e+000  5.0610756e+000
  3.0930931e+000  3.3880509e+000
  3.0980981e+000  2.7054466e+000
  3.1031031e+000  3.6790297e+000
  3.1081081e+000  1.9666888e+000
  3.1131131e+000  3.1741820e+000
  3.1181181e+000  3.1304358e+000
  3.1231231e+000  2.9550052e+000
  3.1281281e+000  2.4407793e+000
  3.1331331e+000  2.1424831e+000
  3.1381381e+000  3.0883764e+000
  3.1431431e+000  3.8624437e+000
  3.1481481e+000  2.8650847e+000
  3.1531532e+000  1.7281870e+000
  3.1581582e+000  3.6197070e+000
  3.1631632e+000  4.2546471e+000
  3.1681682e+000  2.1238732e+000
  3.1731732e+000  3.3038909e-001
  3.1781782e+000  4.1750023e+000
  3.1831832e+000  3.2597174e+000
  3.1881882e+000  1.3214514e+000
  3.1931932e+000  2.5795792e+000
  3.1981982e+000  4.3675517e+000
  3.2032032e+000  2.6281902e+000
  3.2082082e+000  2.9434133e+000
  3.2132132e+000  3.2179354e+000
  3.2182182e+000  3.1788080e+000
  3.2232232e+000  2.7178307e+000
  3.2282282e+000  2.0703961e+000
  3.2332332e+000  3.9436605e+000
  3.2382382e+000  3.9664103e+000
  3.2432432e+000  4.1101272e+000
  3.2482482e+000  5.6798176e+000
  3.2532533e+000  3.3634569e+000
  3.2582583e+000  3.2847073e+000
  3.2632633e+000  4.2335871e+000
  3.2682683e+000  3.2630085e+000
  3.2732733e+000  4.6828151e+000
  3.2782783e+000  5.0361289e+000
  3.2832833e+000  4.1682948e+000
  3.2882883e+000  4.4291503e+000
  3.2932933e+000  3.6965094e+000
  3.2982983e+000  3.4893069e+000
  3.3033033e+000  2.6096767e+000
  3.3083083e+000  3.3193445e+000
  3.3133133e+000  2.2077269e+000
  3.3183183e+000  5.2262917e+000
  3.3233233e+000  3.1579117e+000
  3.3283283e+000  2.5958986e+000
  3.3333333e+000  2.3425926e+000
  3.3383383e+000  4.2326436e+000
  3.3433433e+000  3.7915700e+000
  3.3483483e+000  4.2375671e+000
  3.3533534e+000  4.4266902e+000
  3.3583584e+000  3.2536239e+000
  3.3633634e+000  4.9106823e+000
  3.3683684e+000  3.5382024e+000
  3.3733734e+000  4.1774216e+000
  3.3783784e+000  1.6543490e+000
  3.3833834e+000  3.5575164e+000
  3.3883884e+000  2.9043036e+000
  3.3933934e+000  2.6617661e+000
  3.3983984e+000  1.2664938e+000
  3.4034034e+000  1.5930375e+000
  3.4084084e+000  3.3560701e+000
  3.4134134e+000  3.3272010e+000
  3.4184184e+000  2.2286809e+000
  3.4234234e+000  2.6692822e+000
  3.4284284e+000  4.3757064e+000
  3.4334334e+000  3.2508055e+000
  3.4384384e+000  3.3721707e+000
  3.4434434e+000  4.3484612e+000
  3.4484484e+000  4.9066644e+000
  3.4534535e+000  2.3354694e+000
  3.4584585e+000  5.2717534e+000
  3.4634635e+000  3.6142166e+000
  3.4684685e+000  3.1854747e+000
  3.4734735e+000  5.1235957e+000
  3.4784785e+000  4.1448568e+000
  3.4834835e+000  3.1371218e+000
  3.4884885e+000  3.2244466e+000
  3.4934935e+000  2.8491450e+000
  3.4984985e+000  2.5929582e+000
  3.5035035e+000  4.2201829e+000
  3.5085085e+000  3.5011721e+000
  3.5135135e+000  6.9871419e-001
  3.5185185e+000  3.3689729e+000
  3.5235235e+000  4.1010181e+000
  3.5285285e+000  4.2816451e+000
  3.5335335e+000  3.3665486e+000
  3.5385385e+000  2.9567226e+000
  3.5435435e+000  3.9093013e+000
  3.5485485e+000  2.9996291e+000
  3.5535536e+000  4.1322903e+000
  3.5585586e+000  1.6027595e+000
  3.5635636e+000  4.0855698e+000
  3.5685686e+000  5.1697040e+000
  3.5735736e+000  4.3061328e+000
  3.5785786e+000  4.1343258e+000
  3.5835836e+000  2.7702376e+000
  3.5885886e+000  3.0496141e+000
  3.5935936e+000  4.9014701e+000
  3.5985986e+000  3.1160201e+000
  3.6036036e+000  1.8511566e+000
  3.6086086e+000  2.6820389e+000
  3.6136136e+000  4.5360531e+000
  3.6186186e+000  3.6596200e+000
  3.6236236e+000  4.0372710e+000
  3.6286286e+000  4.2258727e+000
  3.6336336e+000  5.5579037e+000
  3.6386386e+000  4.3527575e+000
  3.6436436e+000  1.3313065e+000
  3.6486486e+000  5.0293641e+000
  3.6536537e+000  5.0443566e+000
  3.6586587e+000  3.2047548e+000
  3.6636637e+000  3.0353589e+000
  3.6686687e+000  4.6918935e+000
  3.6736737e+000  3.1845630e+000
  3.6786787e+000  3.2762738e+000
  3.6836837e+000  5.0833663e+000
  3.6886887e+000  3.9692498e+000
  3.6936937e+000  5.5745660e+000
  3.6986987e+000  2.8990254e+000
  3.7037037e+000  3.1430049e+000
  3.7087087e+000  5.4175832e+000
  3.7137137e+000  3.0689037e+000
  3.7187187e+000  2.2962231e+000
  3.7237237e+000  2.9677869e+000
  3.7287287e+000  3.8862486e+000
  3.7337337e+000  4.1120799e+000
  3.7387387e+000  3.9174036e+000
  3.7437437e+000  3.1409690e+000
  3.7487487e+000  2.7553426e+000
  3.7537538e+000  4.9427022e+000
  3.7587588e+000  6.1467680e+000
  3.7637638e+000  6.0292866e+000
  3.7687688e+000  6.0698418e+000
  3.7737738e+000  3.5036975e+000
  3.7787788e+000  4.2816155e+000
  3.7837838e+000  3.6645929e+000
  3.7887888e+000  3.7868997e+000
  3.7937938e+000  3.3611448e+000
  3.7987988e+000  3.6039766e+000
  3.8038038e+000  4.7891547e+000
  3.8088088e+000  4.2774053e+000
  3.8138138e+000  2.4489126e+000
  3.8188188e+000  4.0925077e+000
  3.8238238e+000  6.4705070e+000
  3.8288288e+000  3.7750751e+000
  3.8338338e+000  4.3063452e+000
  3.8388388e+000  1.7588048e+000
  3.8438438e+000  3.0413498e+000
  3.8488488e+000  3.3920557e+000
  3.8538539e+000  4.0477108e+000
  3.8588589e+000  4.7483843e+000
  3.8638639e+000  2.2721945e+000
  3.8688689e+000  3.5468928e+000
  3.8738739e+000  3.1700763e+000
  3.8788789e+000  3.1345924e+000
  3.8838839e+000  4.2551711e+000
  3.8888889e+000  5.3261646e+000
  3.8938939e+000  4.3538072e+000
  3.8988989e+000  4.5596371e+000
  3.9039039e+000  5.0282718e+000
  3.9089089e+000  4.8883207e+000
  3.9139139e+000  2.5974829e+000
  3.9189189e+000  3.8957075e+000
  3.9239239e+000  4.0584706e+000
  3.9289289e+000  6.3370541e+000
  3.9339339e+000  4.8356385e+000
  3.9389389e+000  4.0151241e+000
  3.9439439e+000  4.3056866e+000
  3.9489489e+000  1.8902798e+000
  3.9539540e+000  1.6219215e+000
  3.9589590e+000  3.5880542e+000
  3.9639640e+000  5.2496478e+000
  3.9689690e+000  4.5260147e+000
  3.9739740e+000  3.7937451e+000
  3.9789790e+000  3.9433033e+000
  3.9839840e+000  5.9183945e+000
  3.9889890e+000  5.2945630e+000
  3.9939940e+000  3.6382069e+000
  3.9989990e+000  3.6713165e+000
  4.0040040e+000  4.0870897e+000
  4.0090090e+000  4.4423937e+000
  4.0140140e+000  2.7909995e+000
  4.0190190e+000  1.2830812e+000
  4.0240240e+000  3.4889959e+000
  4.0290290e+000  6.2380337e+000
  4.0340340e+000  3.4283001e+000
  4.0390390e+000  5.4741945e+000
  4.0440440e+000  5.2388379e+000
  4.0490490e+000  4.7921938e+000
  4.0540541e+000  3.9326543e+000
  4.0590591e+000  4.0278991e+000
  4.0640641e+000  3.0610358e+000
  4.0690691e+000  3.0310155e+000
  4.0740741e+000  4.7026580e+000
  4.0790791e+000  4.9468873e+000
  4.0840841e+000  6.1558354e+000
  4.0890891e+000  3.4946795e+000
  4.0940941e+000  4.6803786e+000
  4.0990991e+000  5.6246948e+000
  4.1041041e+000  6.2472590e+000
  4.1091091e+000  3.3630671e+000
  4.1141141e+000  2.5826251e+000
  4.1191191e+000  3.9058957e+000
  4.1241241e+000  4.6166486e+000
  4.1291291e+000  3.8058508e+000
  4.1341341e+000  4.9563640e+000
  4.1391391e+000  2.7248455e+000
  4.1441441e+000  5.2878496e+000
  4.1491491e+000  5.1281712e+000
  4.1541542e+000  4.6467239e+000
  4.1591592e+000  5.4170119e+000
  4.1641642e+000  4.7582629e+000
  4.1691692e+000  4.6236687e+000
  4.1741742e+000  2.7563250e+000
  4.1791792e+000  3.2592752e+000
  4.1841842e+000  2.7360407e+000
  4.1891892e+000  2.7079365e+000
  4.1941942e+000  4.2914910e+000
  4.1991992e+000  3.9729403e+000
  4.2042042e+000  3.8869843e+000
  4.2092092e+000  4.8432378e+000
  4.2142142e+000  4.2531665e+000
  4.2192192e+000  4.2027908e+000
  4.2242242e+000  4.6737428e+000
  4.2292292e+000  3.7069142e+000
  4.2342342e+000  3.1791367e+000
  4.2392392e+000  4.1914093e+000
  4.2442442e+000  3.7452144e+000
  4.2492492e+000  5.8767273e+000
  4.2542543e+000  4.0152568e+000
  4.2592593e+000  3.2975862e+000
  4.2642643e+000  4.1115459e+000
  4.2692693e+000  5.9523027e+000
  4.2742743e+000  5.8294228e+000
  4.2792793e+000  3.2290538e+000
  4.2842843e+000  4.3810263e+000
  4.2892893e+000  4.5409164e+000
  4.2942943e+000  6.5415090e+000
  4.2992993e+000  4.6097594e+000
  4.3043043e+000  6.2958869e+000
  4.3093093e+000  4.1900470e+000
  4.3143143e+000  4.0415859e+000
  4.3193193e+000  5.7637742e+000
  4.3243243e+000  4.2499110e+000
  4.3293293e+000  3.9668159e+000
  4.3343343e+000  3.5573026e+000
  4.3393393e+000  4.0892268e+000
  4.3443443e+000  3.9256617e+000
  4.3493493e+000  5.7642294e+000
  4.3543544e+000  3.5069635e+000
  4.3593594e+000  4.5254897e+000
  4.3643644e+000  4.3161742e+000
  4.3693694e+000  1.3921452e+000
  4.3743744e+000  5.3813734e+000
  4.3793794e+000  5.2637488e+000
  4.3843844e+000  3.9785219e+000
  4.3893894e+000  1.7702183e+000
  4.3943944e+000  3.4258050e+000
  4.3993994e+000  4.9547228e+000
  4.4044044e+000  5.1638587e+000
  4.4094094e+000  3.8373616e+000
  4.4144144e+000  5.5724635e+000
  4.4194194e+000  4.1114190e+000
  4.4244244e+000  4.4275953e+000
  4.4294294e+000  3.0233681e+000
  4.4344344e+000  6.0585288e+000
  4.4394394e+000  4.5790598e+000
  4.4444444e+000  2.6278010e+000
  4.4494494e+000  1.6602985e+000
  4.4544545e+000  4.7168691e+000
  4.4594595e+000  4.5786815e+000
  4.4644645e+000  4.7967715e+000
  4.4694695e+000  4.0229228e+000
  4.4744745e+000  4.4797158e+000
  4.4794795e+000  4.2734105e+000
  4.4844845e+000  4.5340291e+000
  4.4894895e+000  5.4154463e+000
  4.4944945e+000  4.8452607e+000
  4.4994995e+000  3.7037402e+000
  4.5045045e+000  3.8822629e+000
  4.5095095e+000  5.9393915e+000
  4.5145145e+000  2.4296091e+000
  4.5195195e+000  4.5532149e+000
  4.5245245e+000  4.5088525e+000
  4.5295295e+000  3.9752315e+000
  4.5345345e+000  3.3709369e+000
  4.5395395e+000  4.6395715e+000
  4.5445445e+000  5.0228040e+000
  4.5495495e+000  6.3242189e+000
  4.5545546e+000  4.0840053e+000
  4.5595596e+000  3.6342841e+000
  4.5645646e+000  4.5661112e+000
  4.5695696e+000  5.2068689e+000
  4.5745746e+000  3.0056263e+000
  4.5795796e+000  5.2797608e+000
  4.5845846e+000  5.5583392e+000
  4.5895896e+000  4.5191129e+000
  4.5945946e+000  4.5609141e+000
  4.5995996e+000  4.9020678e+000
  4.6046046e+000  3.9479798e+000
  4.6096096e+000  4.5574013e+000
  4.6146146e+000  5.3877865e+000
  4.6196196e+000  4.2997674e+000
  4.6246246e+000  3.5040353e+000
  4.6296296e+000  6.0902531e+000
  4.6346346e+000  5.0436970e+000
  4.6396396e+000  5.7722249e+000
  4.6446446e+000  5.2146717e+000
  4.6496496e+000  3.7319319e+000
  4.6546547e+000  6.3556148e+000
  4.6596597e+000  4.6348599e+000
  4.6646647e+000  3.8948990e+000
  4.6696697e+000  3.8321433e+000
  4.6746747e+000  4.5829148e+000
  4.6796797e+000  5.3098118e+000
  4.6846847e+000  5.0692260e+000
  4.6896897e+000  4.0797781e+000
  4.6946947e+000  4.2810180e+000
  4.6996997e+000  5.8177886e+000
  4.7047047e+000  4.0043732e+000
  4.7097097e+000  4.3596410e+000
  4.7147147e+000  6.5314975e+000
  4.7197197e+000  3.0796155e+000
  4.7247247e+000  5.0017871e+000
  4.7297297e+000  4.0552126e+000
  4.7347347e+000  4.9386308e+000
  4.7397397e+000  6.0471201e+000
  4.7447447e+000  5.2068384e+000
  4.7497497e+000  6.0382170e+000
  4.7547548e+000  3.7986519e+000
  4.7597598e+000  5.9554922e+000
  4.7647648e+000  4.3591922e+000
  4.7697698e+000  4.1663914e+000
  4.7747748e+000  6.6083880e+000
  4.7797798e+000  3.8145126e+000
  4.7847848e+000  4.3878258e+000
  4.7897898e+000  4.8796214e+000
  4.7947948e+000  5.0587551e+000
  4.7997998e+000  5.0919671e+000
  4.8048048e+000  5.5865586e+000
  4.8098098e+000  5.2138210e+000
  4.8148148e+000  4.4893866e+000
  4.8198198e+000  4.4459588e+000
  4.8248248e+000  4.5305512e+000
  4.8298298e+000  3.1119353e+000
  4.8348348e+000  4.7809012e+000
  4.8398398e+000  5.0577003e+000
  4.8448448e+000  7.0180769e+000
  4.8498498e+000  5.4222666e+000
  4.8548549e+000  5.6698697e+000
  4.8598599e+000  3.7810084e+000
  4.8648649e+000  4.2849679e+000
  4.8698699e+000  2.9941541e+000
  4.8748749e+000  5.7923650e+000
  4.8798799e+000  4.3329412e+000
  4.8848849e+000  4.2797796e+000
  4.8898899e+000  4.9151560e+000
  4.8948949e+000  5.1563854e+000
  4.8998999e+000  5.6433881e+000
  4.9049049e+000  4.7429000e+000
  4.9099099e+000  5.3456162e+000
  4.9149149e+000  5.7761824e+000
  4.9199199e+000  4.9839953e+000
  4.9249249e+000  3.1976659e+000
  4.9299299e+000  5.6459716e+000
  4.9349349e+000  4.9715665e+000
  4.9399399e+000  4.7550660e+000
  4.9449449e+000  4.1302014e+000
  4.9499499e+000  5.9399201e+000
  4.9549550e+000  3.1732630e+000
  4.9599600e+000  4.9159295e+000
  4.9649650e+000  5.8551708e+000
  4.9699700e+000  4.5138347e+000
  4.9749750e+000  3.0712708e+000
  4.9799800e+000  4.5878731e+000
  4.9849850e+000  3.8779817e+000
  4.9899900e+000  6.7474723e+000
  4.9949950e+000  4.2757892e+000
  5.0000000e+000  4.7800693e+000
